/*--------------------------------*- C++ -*----------------------------------*\
| =========                 |                                                 |
| \\      /  F ield         | OpenFOAM: The Open Source CFD Toolbox           |
|  \\    /   O peration     | Version:  4.0                                   |
|   \\  /    A nd           | Web:      www.OpenFOAM.org                      |
|    \\/     M anipulation  |                                                 |
\*---------------------------------------------------------------------------*/
FoamFile
{
    version     2.0;
    format      ascii;
    class       faceList;
    location    "constant/polyMesh";
    object      faces;
}
// * * * * * * * * * * * * * * * * * * * * * * * * * * * * * * * * * * * * * //


428
(
4(166 40 91 220)
4(149 203 90 39)
4(149 166 220 203)
4(158 38 89 212)
4(37 158 212 88)
4(156 148 202 210)
4(156 210 96 45)
4(148 46 97 202)
4(159 213 100 49)
4(159 50 101 213)
4(50 4 19 101)
4(156 210 198 144)
4(144 198 225 171)
4(151 171 225 205)
4(156 151 205 210)
4(148 202 221 167)
4(167 221 198 144)
4(150 204 225 171)
4(164 218 204 150)
4(164 144 198 218)
4(145 199 225 171)
4(145 157 211 199)
4(157 150 204 211)
4(161 151 205 215)
4(151 44 95 205)
4(161 215 94 43)
4(158 212 206 152)
4(60 111 212 158)
4(59 152 206 110)
4(60 59 110 111)
4(152 39 90 206)
4(58 109 222 168)
4(162 168 222 216)
4(57 162 216 108)
4(57 108 109 58)
4(145 199 215 161)
4(145 199 207 153)
4(154 153 207 208)
4(161 154 208 215)
4(164 218 104 53)
4(150 54 105 204)
4(53 104 105 54)
4(41 147 201 92)
4(154 208 201 147)
4(42 93 208 154)
4(153 207 106 55)
4(169 223 207 153)
4(169 56 107 223)
4(56 55 106 107)
4(60 111 16 11)
4(166 147 201 220)
4(47 98 217 163)
4(163 217 97 46)
4(157 211 106 55)
4(169 223 201 147)
4(168 222 206 152)
4(168 149 203 222)
4(164 218 209 155)
4(52 155 209 103)
4(53 52 103 104)
4(148 202 214 160)
4(167 146 200 221)
4(160 214 200 146)
4(55 54 105 106)
4(167 221 209 155)
4(170 155 209 224)
4(51 170 224 102)
4(51 102 103 52)
4(163 160 214 217)
4(160 48 99 214)
4(58 109 110 59)
4(48 165 219 99)
4(165 159 213 219)
4(166 220 216 162)
4(170 146 200 224)
4(165 219 200 146)
4(162 216 223 169)
4(57 56 107 108)
4(170 159 213 224)
4(51 50 101 102)
4(174 228 229 175)
4(68 175 229 120)
4(69 121 228 174)
4(64 116 105 54)
4(63 53 104 115)
4(174 228 109 58)
4(175 57 108 229)
4(59 176 230 110)
4(174 228 230 176)
4(186 240 117 65)
4(180 66 118 234)
4(186 180 234 240)
4(70 179 233 122)
4(179 172 226 233)
4(183 237 226 172)
4(70 122 237 183)
4(54 186 240 105)
4(175 178 232 229)
4(178 56 107 232)
4(67 178 232 119)
4(181 176 230 235)
4(181 235 111 60)
4(178 232 234 180)
4(177 181 235 231)
4(36 112 235 181)
4(1 177 231 20)
4(174 179 233 228)
4(176 172 226 230)
4(172 226 231 177)
4(55 106 234 180)
4(182 51 102 236)
4(182 236 114 62)
4(62 114 238 184)
4(51 184 238 102)
4(72 124 242 188)
4(188 242 123 71)
4(72 12 21 124)
4(173 227 241 187)
4(51 102 227 173)
4(182 187 241 236)
4(177 231 242 188)
4(1 72 124 20)
4(183 237 242 188)
4(61 185 239 113)
4(185 173 227 239)
4(61 113 241 187)
4(185 239 101 50)
4(52 63 115 103)
4(52 103 238 184)
4(189 243 125 83)
4(189 72 124 243)
4(83 125 20 1)
4(74 189 243 127)
4(14 22 125 83)
4(73 126 243 189)
4(35 190 244 128)
4(83 125 244 190)
4(190 244 25 6)
4(10 6 25 24)
4(193 247 245 191)
4(191 245 246 192)
4(77 192 246 134)
4(193 77 134 247)
4(33 192 246 131)
4(34 132 133 76)
4(76 133 246 192)
4(193 86 137 247)
4(86 85 136 137)
4(78 135 136 85)
4(193 247 135 78)
4(87 138 245 191)
4(86 137 138 87)
4(191 245 130 32)
4(87 138 28 0)
4(13 26 27 7)
4(197 251 141 80)
4(195 81 140 249)
4(195 249 251 197)
4(85 194 248 136)
4(194 84 143 248)
4(85 136 29 15)
4(197 251 142 79)
4(195 249 137 86)
4(194 248 249 195)
4(195 196 250 249)
4(196 82 139 250)
4(87 196 250 138)
4(194 248 142 79)
4(75 13 26 129)
4(13 6 25 26)
4(149 39 40 166)
4(203 220 91 90)
4(37 2 38 158)
4(88 212 89 17)
4(156 45 46 148)
4(210 202 97 96)
4(159 49 4 50)
4(213 101 19 100)
4(156 144 171 151)
4(210 205 225 198)
4(148 167 144 156)
4(202 210 198 221)
4(164 150 171 144)
4(218 198 225 204)
4(145 171 150 157)
4(199 211 204 225)
4(161 43 44 151)
4(215 205 95 94)
4(60 158 152 59)
4(111 110 206 212)
4(158 38 39 152)
4(212 206 90 89)
4(57 58 168 162)
4(108 216 222 109)
4(145 161 151 171)
4(199 225 205 215)
4(161 145 153 154)
4(215 208 207 199)
4(164 53 54 150)
4(218 204 105 104)
4(42 154 147 41)
4(93 92 201 208)
4(169 153 55 56)
4(223 107 106 207)
4(158 60 11 37)
4(212 88 16 111)
4(40 41 147 166)
4(91 220 201 92)
4(47 163 46 3)
4(98 18 97 217)
4(145 157 55 153)
4(199 207 106 211)
4(45 156 151 44)
4(96 95 205 210)
4(169 147 154 153)
4(223 207 208 201)
4(168 152 39 149)
4(222 203 90 206)
4(53 164 155 52)
4(104 103 209 218)
4(148 160 146 167)
4(202 221 200 214)
4(55 157 150 54)
4(106 105 204 211)
4(167 155 164 144)
4(221 198 218 209)
4(51 52 155 170)
4(102 224 209 103)
4(163 47 48 160)
4(217 214 99 98)
4(58 59 152 168)
4(109 222 206 110)
4(43 161 154 42)
4(94 93 208 215)
4(48 49 159 165)
4(99 219 213 100)
4(160 148 46 163)
4(214 217 97 202)
4(166 162 168 149)
4(220 203 222 216)
4(170 155 167 146)
4(224 200 221 209)
4(48 165 146 160)
4(99 214 200 219)
4(162 169 56 57)
4(216 108 107 223)
4(170 146 165 159)
4(224 213 219 200)
4(170 159 50 51)
4(224 102 101 213)
4(169 162 166 147)
4(223 201 220 216)
4(69 174 175 68)
4(121 120 229 228)
4(63 64 54 53)
4(115 104 105 116)
4(174 58 57 175)
4(228 229 108 109)
4(58 174 176 59)
4(109 110 230 228)
4(186 65 66 180)
4(240 234 118 117)
4(70 183 172 179)
4(122 233 226 237)
4(54 64 65 186)
4(105 240 117 116)
4(175 57 56 178)
4(229 232 107 108)
4(68 175 178 67)
4(120 119 232 229)
4(181 60 59 176)
4(235 230 110 111)
4(67 178 180 66)
4(119 118 234 232)
4(1 36 181 177)
4(20 231 235 112)
4(174 69 70 179)
4(228 233 122 121)
4(174 179 172 176)
4(228 230 226 233)
4(176 172 177 181)
4(230 235 231 226)
4(60 181 36 11)
4(111 16 112 235)
4(55 180 178 56)
4(106 107 232 234)
4(182 62 184 51)
4(236 102 238 114)
4(180 55 54 186)
4(234 240 105 106)
4(72 188 71 12)
4(124 21 123 242)
4(51 173 187 182)
4(102 236 241 227)
4(1 177 188 72)
4(20 124 242 231)
4(172 183 188 177)
4(226 231 242 237)
4(61 187 173 185)
4(113 239 227 241)
4(70 71 188 183)
4(122 237 242 123)
4(185 50 4 61)
4(239 113 19 101)
4(51 50 185 173)
4(102 227 239 101)
4(61 62 182 187)
4(113 241 236 114)
4(52 184 62 63)
4(103 115 114 238)
4(189 83 1 72)
4(243 124 20 125)
4(74 14 83 189)
4(127 243 125 22)
4(73 189 72 12)
4(126 21 124 243)
4(5 74 189 73)
4(23 126 243 127)
4(1 83 190 35)
4(20 128 244 125)
4(35 190 6 10)
4(128 24 25 244)
4(190 83 14 6)
4(244 25 22 125)
4(193 191 192 77)
4(247 134 246 245)
4(34 76 192 33)
4(132 131 246 133)
4(193 78 85 86)
4(247 137 136 135)
4(86 87 191 193)
4(137 247 245 138)
4(191 32 33 192)
4(245 246 131 130)
4(87 0 32 191)
4(138 245 130 28)
4(34 13 7 76)
4(132 133 27 26)
4(195 197 80 81)
4(249 140 141 251)
4(85 15 84 194)
4(136 248 143 29)
4(80 197 79 9)
4(141 30 142 251)
4(194 195 86 85)
4(248 136 137 249)
4(195 81 82 196)
4(249 250 139 140)
4(87 86 195 196)
4(138 250 249 137)
4(196 82 0 87)
4(250 138 28 139)
4(195 194 79 197)
4(249 251 142 248)
4(84 8 79 194)
4(143 248 142 31)
3(63 53 52)
3(115 103 104)
3(51 184 52)
3(102 103 238)
3(7 13 75)
3(27 129 26)
3(10 6 13)
3(24 26 25)
3(6 13 75)
3(25 129 26)
3(85 78 15)
3(136 29 135)
3(76 77 192)
3(133 246 134)
3(77 78 193)
3(134 247 135)
4(39 90 91 40)
4(37 88 17 2)
4(2 17 89 38)
4(45 96 97 46)
4(43 94 95 44)
4(38 89 90 39)
4(42 41 92 93)
4(37 11 16 88)
4(40 91 92 41)
4(3 46 97 18)
4(45 44 95 96)
4(43 42 93 94)
4(69 68 120 121)
4(63 115 116 64)
4(65 117 118 66)
4(64 116 117 65)
4(68 67 119 120)
4(67 66 118 119)
4(1 20 112 36)
4(69 121 122 70)
4(11 36 112 16)
4(12 71 123 21)
4(70 122 123 71)
4(61 4 19 113)
4(61 113 114 62)
4(63 62 114 115)
4(74 127 22 14)
4(73 12 21 126)
4(5 23 127 74)
4(5 73 126 23)
4(1 35 128 20)
4(35 10 24 128)
4(6 14 22 25)
4(34 33 131 132)
4(32 130 131 33)
4(0 28 130 32)
4(34 132 26 13)
4(76 7 27 133)
4(81 80 141 140)
4(15 29 143 84)
4(9 79 142 30)
4(80 9 30 141)
4(81 140 139 82)
4(82 139 28 0)
4(84 143 31 8)
4(8 31 142 79)
4(7 75 129 27)
4(10 13 26 24)
4(6 75 129 25)
4(15 78 135 29)
4(76 133 134 77)
4(77 134 135 78)
4(49 100 19 4)
4(47 3 18 98)
4(47 98 99 48)
4(48 99 100 49)
)


// ************************************************************************* //
