/*--------------------------------*- C++ -*----------------------------------*\
| =========                 |                                                 |
| \\      /  F ield         | OpenFOAM: The Open Source CFD Toolbox           |
|  \\    /   O peration     | Version:  4.0                                   |
|   \\  /    A nd           | Web:      www.OpenFOAM.org                      |
|    \\/     M anipulation  |                                                 |
\*---------------------------------------------------------------------------*/
FoamFile
{
    version     2.0;
    format      ascii;
    class       vectorField;
    location    "constant/polyMesh";
    object      points;
}
// * * * * * * * * * * * * * * * * * * * * * * * * * * * * * * * * * * * * * //


252
(
(1.456 0 0)
(1.056 0.4 0)
(0.656 0 0)
(-1.2 0 0)
(-1.2 0.8 0)
(1.2 0.8 0)
(1.2 0.4 0)
(1.24 0.36 0)
(2 0.36 0)
(2 0 0)
(1.17961 0.380423 0)
(0.773157 0.282843 0)
(1.056 0.8 0)
(1.2376 0.356403 0)
(1.2 0.48 0)
(1.8 0.36 0)
(0.773157 0.282843 0.05)
(0.656 0 0.05)
(-1.2 0 0.05)
(-1.2 0.8 0.05)
(1.056 0.4 0.05)
(1.056 0.8 0.05)
(1.2 0.48 0.05)
(1.2 0.8 0.05)
(1.17961 0.380423 0.05)
(1.2 0.4 0.05)
(1.2376 0.356403 0.05)
(1.24 0.36 0.05)
(1.456 0 0.05)
(1.8 0.36 0.05)
(2 0 0.05)
(2 0.36 0.05)
(1.44098 0.108576 0)
(1.39706 0.208999 0)
(1.32752 0.293729 0)
(1.11857 0.395075 0)
(0.902927 0.369552 0)
(0.686448 0.153073 0)
(0.4704 0 0)
(0.2848 0 0)
(0.0992 0 0)
(-0.0864 0 0)
(-0.272 0 0)
(-0.4576 0 0)
(-0.6432 0 0)
(-0.8288 0 0)
(-1.0144 0 0)
(-1.2 0.2 0)
(-1.2 0.4 0)
(-1.2 0.6 0)
(-1.03557 0.756904 0)
(-0.87114 0.713807 0)
(-0.706711 0.670711 0)
(-0.542281 0.627614 0)
(-0.377851 0.584518 0)
(-0.213421 0.541421 0)
(-0.0489916 0.498325 0)
(0.115438 0.455228 0)
(0.279868 0.412132 0)
(0.444298 0.369036 0)
(0.608728 0.325939 0)
(-1.012 0.8 0)
(-0.824 0.8 0)
(-0.636 0.8 0)
(-0.448 0.8 0)
(-0.26 0.8 0)
(-0.072 0.8 0)
(0.116 0.8 0)
(0.304 0.8 0)
(0.492 0.8 0)
(0.68 0.8 0)
(0.868 0.8 0)
(1.056 0.6 0)
(1.128 0.8 0)
(1.2 0.64 0)
(1.21172 0.371716 0)
(1.38 0.36 0)
(1.52 0.36 0)
(1.66 0.36 0)
(2 0.18 0)
(1.864 0 0)
(1.728 0 0)
(1.592 0 0)
(1.128 0.44 0)
(1.9 0.36 0)
(1.714 0.27 0)
(1.628 0.18 0)
(1.542 0.09 0)
(0.686448 0.153073 0.05)
(0.4704 0 0.05)
(0.2848 0 0.05)
(0.0992 0 0.05)
(-0.0864 0 0.05)
(-0.272 0 0.05)
(-0.4576 0 0.05)
(-0.6432 0 0.05)
(-0.8288 0 0.05)
(-1.0144 0 0.05)
(-1.2 0.2 0.05)
(-1.2 0.4 0.05)
(-1.2 0.6 0.05)
(-1.03557 0.756904 0.05)
(-0.87114 0.713807 0.05)
(-0.706711 0.670711 0.05)
(-0.542281 0.627614 0.05)
(-0.377851 0.584518 0.05)
(-0.213421 0.541421 0.05)
(-0.0489916 0.498325 0.05)
(0.115438 0.455228 0.05)
(0.279868 0.412132 0.05)
(0.444298 0.369036 0.05)
(0.608728 0.325939 0.05)
(0.902927 0.369552 0.05)
(-1.012 0.8 0.05)
(-0.824 0.8 0.05)
(-0.636 0.8 0.05)
(-0.448 0.8 0.05)
(-0.26 0.8 0.05)
(-0.072 0.8 0.05)
(0.116 0.8 0.05)
(0.304 0.8 0.05)
(0.492 0.8 0.05)
(0.68 0.8 0.05)
(0.868 0.8 0.05)
(1.056 0.6 0.05)
(1.128 0.44 0.05)
(1.128 0.8 0.05)
(1.2 0.64 0.05)
(1.11857 0.395075 0.05)
(1.21172 0.371716 0.05)
(1.44098 0.108576 0.05)
(1.39706 0.208999 0.05)
(1.32752 0.293729 0.05)
(1.38 0.36 0.05)
(1.52 0.36 0.05)
(1.66 0.36 0.05)
(1.714 0.27 0.05)
(1.628 0.18 0.05)
(1.542 0.09 0.05)
(1.592 0 0.05)
(1.728 0 0.05)
(1.864 0 0.05)
(2 0.18 0.05)
(1.9 0.36 0.05)
(-0.671165 0.335909 0)
(-0.346871 0.30655 0)
(-0.960167 0.431685 0)
(-0.0660459 0.163422 0)
(-0.897475 0.217203 0)
(0.20851 0.151456 0)
(-0.45554 0.452293 0)
(-0.57409 0.160049 0)
(0.385643 0.2083 0)
(-0.209702 0.328873 0)
(-0.234823 0.162214 0)
(-0.760144 0.525738 0)
(-0.744214 0.175271 0)
(-0.347456 0.425129 0)
(0.538531 0.169027 0)
(-1.05071 0.597539 0)
(-1.03156 0.291823 0)
(-0.404174 0.158094 0)
(0.102446 0.304215 0)
(-1.08729 0.177222 0)
(-0.606654 0.485411 0)
(-1.06105 0.480535 0)
(0.0920815 0.153614 0)
(-0.82187 0.3778 0)
(0.245379 0.262459 0)
(-0.055292 0.326528 0)
(-0.907836 0.569059 0)
(-0.515555 0.312437 0)
(0.709515 0.596692 0)
(-0.948629 0.759309 0)
(0.443583 0.598587 0)
(0.219893 0.625527 0)
(0.591491 0.490681 0)
(0.852991 0.525363 0)
(0.0368995 0.647554 0)
(0.61716 0.658236 0)
(-0.131688 0.669272 0)
(0.765882 0.422715 0)
(-0.890317 0.764206 0)
(0.772933 0.678154 0)
(-0.790826 0.741494 0)
(-0.999399 0.768707 0)
(-0.252847 0.693622 0)
(-0.932923 0.770097 0)
(0.91296 0.664801 0)
(1.128 0.62 0)
(1.1479 0.414572 0)
(1.50144 0.182148 0)
(1.44921 0.26207 0)
(1.57499 0.253575 0)
(1.83314 0.239654 0)
(1.73925 0.130344 0)
(1.61772 0.0690214 0)
(1.86308 0.0956491 0)
(-0.671165 0.335909 0.05)
(-0.346871 0.30655 0.05)
(-0.960167 0.431685 0.05)
(-0.0660459 0.163422 0.05)
(-0.897475 0.217203 0.05)
(0.20851 0.151456 0.05)
(-0.45554 0.452293 0.05)
(-0.57409 0.160049 0.05)
(0.385643 0.2083 0.05)
(-0.209702 0.328873 0.05)
(-0.234823 0.162214 0.05)
(-0.760144 0.525738 0.05)
(-0.744214 0.175271 0.05)
(-0.347456 0.425129 0.05)
(0.538531 0.169027 0.05)
(-1.05071 0.597539 0.05)
(-1.03156 0.291823 0.05)
(-0.404174 0.158094 0.05)
(0.102446 0.304215 0.05)
(-1.08729 0.177222 0.05)
(-0.606654 0.485411 0.05)
(-1.06105 0.480535 0.05)
(0.0920815 0.153614 0.05)
(-0.82187 0.3778 0.05)
(0.245379 0.262459 0.05)
(-0.055292 0.326528 0.05)
(-0.907836 0.569059 0.05)
(-0.515555 0.312437 0.05)
(0.709515 0.596692 0.05)
(-0.948629 0.759309 0.05)
(0.443583 0.598587 0.05)
(0.219893 0.625527 0.05)
(0.591491 0.490681 0.05)
(0.852991 0.525363 0.05)
(0.0368995 0.647554 0.05)
(0.61716 0.658236 0.05)
(-0.131688 0.669272 0.05)
(0.765882 0.422715 0.05)
(-0.890317 0.764206 0.05)
(0.772933 0.678154 0.05)
(-0.790826 0.741494 0.05)
(-0.999399 0.768707 0.05)
(-0.252847 0.693622 0.05)
(-0.932923 0.770097 0.05)
(0.91296 0.664801 0.05)
(1.128 0.62 0.05)
(1.1479 0.414572 0.05)
(1.50144 0.182148 0.05)
(1.44921 0.26207 0.05)
(1.57499 0.253575 0.05)
(1.83314 0.239654 0.05)
(1.73925 0.130344 0.05)
(1.61772 0.0690214 0.05)
(1.86308 0.0956491 0.05)
)


// ************************************************************************* //
